dq_change: [1.0, 0.0, 0.0, 0.0, 0.0, -6742.077757136081, 739718467.4590569, 39148.48836297268]
translation: [-6742.077757136081, 739718467.4590569, 39148.48836297268]
