dq_change: [1.0, 0.0, 0.0, 0.0, 0.0, 4.5946660995368895e-24, -1.9217405588262328e-17,
  -2.222549645839685e-17]
translation: [4.5946660995368895e-24, -1.9217405588262328e-17, -2.222549645839685e-17]
